9
0 10 0 1 2 3 4 5 6 7 8 9
1 10 0 1 2 3 4 5 6 7 8 9
2 10 0 1 2 3 4 5 6 7 8 9
3 10 0 1 2 3 4 5 6 7 8 9
4 10 0 1 2 3 4 5 6 7 8 9
5 10 0 1 2 3 4 5 6 7 8 9
6 10 0 1 2 3 4 5 6 7 8 9
7 10 0 1 2 3 4 5 6 7 8 9
8 10 0 1 2 3 4 5 6 7 8 9
2 0 1
2 0 2
2 0 3
2 0 4
2 0 5
2 0 6
2 0 7
2 0 8
2 1 2
2 1 3
2 1 4
2 1 5
2 1 6
2 1 7
2 1 8
2 2 3
2 2 4
2 2 5
2 2 6
2 2 7
2 2 8
2 3 4
2 3 5
2 3 6
2 3 7
2 3 8
2 4 5
2 4 6
2 4 7
2 4 8
2 5 6
2 5 7
2 5 8
2 6 7
2 6 8
2 7 8
10 15 0 1 2
10 15 3 4 5
10 15 6 7 8
10 15 0 3 6
10 15 1 4 7
10 15 2 5 8
10 15 0 4 8
10 15 2 4 6