20
0 1 1
1 3 1 2 3
2 3 1 2 3
3 3 1 2 3
4 3 1 2 3
5 3 1 2 3
6 3 1 2 3
7 3 1 2 3
8 3 1 2 3
9 3 1 2 3
10 3 1 2 3
11 3 1 2 3
12 1 1
13 3 1 2 3
14 3 1 2 3
15 3 1 2 3
16 3 1 2 3
17 3 1 2 3
18 3 1 2 3
19 1 1
2 0 1
2 0 2
2 0 3
2 0 5
2 0 6
2 0 7
2 0 8
2 1 2
2 1 8
2 1 9
2 2 3
2 2 9
2 2 10
2 3 4
2 3 10
2 3 11
2 4 5
2 4 11
2 4 12
2 4 13
2 5 6
2 5 13
2 5 14
2 6 7
2 6 14
2 6 15
2 7 8
2 7 15
2 7 16
2 8 9
2 8 17
2 9 10
2 9 17
2 9 18
2 10 11
2 10 19
2 11 12
2 11 19
2 12 13
2 13 14
2 14 15
2 15 16
2 16 17
2 17 18
2 18 19