15
0 10 0 1 2 3 4 5 6 7 8 9
1 10 0 1 2 3 4 5 6 7 8 9
2 10 0 1 2 3 4 5 6 7 8 9
3 10 0 1 2 3 4 5 6 7 8 9
4 10 0 1 2 3 4 5 6 7 8 9
5 10 0 1 2 3 4 5 6 7 8 9
6 10 0 1 2 3 4 5 6 7 8 9
7 10 0 1 2 3 4 5 6 7 8 9
8 10 0 1 2 3 4 5 6 7 8 9
9 10 0 1 2 3 4 5 6 7 8 9
10 5 0 1 2 3 4
11 5 0 1 2 3 4
12 5 0 1 2 3 4
13 5 0 1 2 3 4
14 4 0 1 2 3
20 1 10 3 6 6 1 1
20 4 11 2 5 5 0 0 10
20 9 12 1 3 3 8 8 11
20 1 13 0 2 2 3 3 12
20 2 14 4 4 7 7 13
1 14 4
2 0 1
2 0 2
2 0 3
2 0 4
2 0 5
2 0 6
2 0 7
2 0 8
2 0 9
2 1 2
2 1 3
2 1 4
2 1 5
2 1 6
2 1 7
2 1 8
2 1 9
2 2 3
2 2 4
2 2 5
2 2 6
2 2 7
2 2 8
2 2 9
2 3 4
2 3 5
2 3 6
2 3 7
2 3 8
2 3 9
2 4 5
2 4 6
2 4 7
2 4 8
2 4 9
2 5 6
2 5 7
2 5 8
2 5 9
2 6 7
2 6 8
2 6 9
2 7 8
2 7 9
2 8 9