81
0 3 5 7 9
1 5 4 5 7 8 9
2 4 4 5 7 8
3 6 1 2 4 6 7 8
4 5 1 2 6 7 8
5 4 2 4 6 8
6 4 2 6 7 9
7 1 3
8 5 2 4 5 7 9
9 2 3 7
10 3 3 4 7
11 1 2
12 1 9
13 1 5
14 3 3 4 6
15 2 6 7
16 1 1
17 1 8
18 1 6
19 6 3 4 5 7 8 9
20 1 1
21 5 2 3 4 7 8
22 4 2 3 7 8
23 4 2 3 4 8
24 3 2 7 9
25 4 4 5 7 9
26 5 2 4 5 7 9
27 3 3 5 7
28 1 2
29 3 3 5 7
30 5 3 5 6 7 8
31 4 3 6 7 8
32 1 1
33 1 4
34 3 5 7 9
35 3 5 7 9
36 3 3 5 7
37 5 1 3 4 5 7
38 1 9
39 5 2 3 4 5 7
40 3 2 3 7
41 4 2 3 4 5
42 3 1 3 7
43 1 8
44 1 6
45 1 8
46 5 1 3 4 5 7
47 1 6
48 4 3 4 5 7
49 2 3 7
50 1 9
51 3 1 3 7
52 1 2
53 3 1 5 7
54 5 2 3 5 7 9
55 5 3 5 7 8 9
56 4 3 5 7 8
57 6 1 2 3 5 6 8
58 1 4
59 5 2 3 5 6 8
60 6 1 2 6 7 8 9
61 3 6 7 9
62 4 1 2 7 9
63 1 4
64 1 6
65 2 3 8
66 4 1 2 3 8
67 5 1 2 3 8 9
68 1 7
69 1 5
70 1 9
71 3 1 2 9
72 1 1
73 4 5 7 8 9
74 3 5 7 8
75 4 2 5 6 8
76 4 2 6 8 9
77 4 2 5 6 8
78 5 2 6 7 8 9
79 4 4 6 7 9
80 1 3
10 45 0 1 2 3 4 5 6 7 8
10 45 9 10 11 12 13 14 15 16 17
10 45 18 19 20 21 22 23 24 25 26
10 45 27 28 29 30 31 32 33 34 35
10 45 36 37 38 39 40 41 42 43 44
10 45 45 46 47 48 49 50 51 52 53
10 45 54 55 56 57 58 59 60 61 62
10 45 63 64 65 66 67 68 69 70 71
10 45 72 73 74 75 76 77 78 79 80
10 45 0 9 18 27 36 45 54 63 72
10 45 1 10 19 28 37 46 55 64 73
10 45 2 11 20 29 38 47 56 65 74
10 45 3 12 21 30 39 48 57 66 75
10 45 4 13 22 31 40 49 58 67 76
10 45 5 14 23 32 41 50 59 68 77
10 45 6 15 24 33 42 51 60 69 78
10 45 7 16 25 34 43 52 61 70 79
10 45 8 17 26 35 44 53 62 71 80
10 45 0 1 2 9 10 11 18 19 20
10 45 3 4 5 12 13 14 21 22 23
10 45 6 7 8 15 16 17 24 25 26
10 45 27 28 29 36 37 38 45 46 47
10 45 30 31 32 39 40 41 48 49 50
10 45 33 34 35 42 43 44 51 52 53
10 45 54 55 56 63 64 65 72 73 74
10 45 57 58 59 66 67 68 75 76 77
10 45 60 61 62 69 70 71 78 79 80