55
0 6 1 2 3 4 5 6
1 6 2 3 4 5 6 7
2 6 3 4 5 6 7 8
3 3 7 8 9
4 1 10
5 1 11
6 16 12 13 14 15 16 17 18 19 20 21 22 23 24 25 26 27
7 16 13 14 15 16 17 18 19 20 21 22 23 24 25 26 27 28
8 5 25 26 27 28 29
9 5 26 27 28 29 30
10 4 1 2 3 4
11 4 2 3 4 5
12 3 6 7 8
13 3 7 8 9
14 3 8 9 10
15 18 9 10 11 12 13 14 15 16 17 18 19 20 21 22 23 24 25 26
16 18 10 11 12 13 14 15 16 17 18 19 20 21 22 23 24 25 26 27
17 5 24 25 26 27 28
18 5 25 26 27 28 29
19 4 1 2 3 4
20 1 5
21 3 6 7 8
22 3 7 8 9
23 18 8 9 10 11 12 13 14 15 16 17 18 19 20 21 22 23 24 25
24 18 9 10 11 12 13 14 15 16 17 18 19 20 21 22 23 24 25 26
25 5 23 24 25 26 27
26 5 24 25 26 27 28
27 4 1 2 3 4
28 3 5 6 7
29 3 6 7 8
30 18 7 8 9 10 11 12 13 14 15 16 17 18 19 20 21 22 23 24
31 18 8 9 10 11 12 13 14 15 16 17 18 19 20 21 22 23 24 25
32 5 22 23 24 25 26
33 5 23 24 25 26 27
34 6 1 2 3 4 5 6
35 7 1 2 3 4 5 6 7
36 22 2 3 4 5 6 7 8 9 10 11 12 13 14 15 16 17 18 19 20 21 22 23
37 22 3 4 5 6 7 8 9 10 11 12 13 14 15 16 17 18 19 20 21 22 23 24
38 5 21 22 23 24 25
39 5 22 23 24 25 26
40 6 1 2 3 4 5 6
41 18 1 2 3 4 5 6 7 8 9 10 11 12 13 14 15 16 17 18
42 18 2 3 4 5 6 7 8 9 10 11 12 13 14 15 16 17 18 19
43 1 20
44 5 21 22 23 24 25
45 17 1 2 3 4 5 6 7 8 9 10 11 12 13 14 15 16 17
46 18 1 2 3 4 5 6 7 8 9 10 11 12 13 14 15 16 17 18
47 18 2 3 4 5 6 7 8 9 10 11 12 13 14 15 16 17 18 19
48 22 3 4 5 6 7 8 9 10 11 12 13 14 15 16 17 18 19 20 21 22 23 24
49 17 1 2 3 4 5 6 7 8 9 10 11 12 13 14 15 16 17
50 18 1 2 3 4 5 6 7 8 9 10 11 12 13 14 15 16 17 18
51 22 2 3 4 5 6 7 8 9 10 11 12 13 14 15 16 17 18 19 20 21 22 23
52 17 1 2 3 4 5 6 7 8 9 10 11 12 13 14 15 16 17
53 22 1 2 3 4 5 6 7 8 9 10 11 12 13 14 15 16 17 18 19 20 21 22
54 21 1 2 3 4 5 6 7 8 9 10 11 12 13 14 15 16 17 18 19 20 21
4 0 1
4 1 2
4 2 3
4 3 4
4 4 5
4 5 6
4 6 7
4 7 8
4 8 9
4 10 11
3 11 12
4 12 13
4 13 14
4 14 15
4 15 16
4 16 17
4 17 18
4 19 20
4 20 21
4 21 22
4 22 23
4 23 24
4 24 25
4 25 26
4 27 28
4 28 29
4 29 30
4 30 31
4 31 32
4 32 33
4 34 35
4 35 36
4 36 37
4 37 38
4 38 39
4 40 41
4 41 42
4 42 43
4 43 44
4 45 46
4 46 47
4 47 48
4 49 50
4 50 51
4 52 53
4 10 1
4 11 2
4 12 3
4 13 4
4 14 5
4 15 6
4 16 7
4 17 8
4 18 9
4 19 11
4 20 12
4 21 13
4 22 14
4 23 15
4 24 16
4 25 17
4 26 18
4 27 20
4 28 21
4 29 22
4 30 23
4 31 24
4 32 25
4 33 26
4 34 28
4 35 29
4 36 30
4 37 31
4 38 32
4 39 33
4 40 35
4 41 36
4 42 37
4 43 38
4 44 39
4 45 41
4 46 42
4 47 43
4 48 44
4 49 46
4 50 47
4 51 48
4 52 50
4 53 51
4 54 53
11 99 9 18 26 33 39 44 48 51 53 54
11 99 8 17 25 32 38 43 47 50 52
11 99 7 16 24 31 37 42 46 49
11 99 6 15 23 30 36 41 45
11 99 5 14 22 29 35 40
11 99 4 13 21 28 34
11 99 3 12 20 27
11 99 2 11 19
11 99 1 10
11 99 0
